1000 0.000091 0.000104
1001 0.000034 0.000099
1002 0.000023 0.000071
1003 0.000076 0.000089
1004 0.000032 0.000070
1005 0.000034 0.000171
1006 0.000054 0.000068
1007 0.000037 0.000062
1008 0.000033 0.000078
1009 0.000033 0.000073
1010 0.000042 0.000071
1011 0.000054 0.000082
1012 0.000056 0.000096
1013 0.000026 0.000068
1014 0.000023 0.000076
1015 0.000022 0.000066
1016 0.000029 0.000086
1017 0.000076 0.000072
1018 0.000039 0.000079
1019 0.000047 0.000073
1020 0.000070 0.000091
1021 0.000048 0.000084
1022 0.000038 0.000082
1023 0.000070 0.000068
1024 0.000048 0.000072
1025 0.000031 0.000249
1026 0.000041 0.000086
1027 0.000054 0.000095
1028 0.000052 0.000078
1029 0.000041 0.000065
1030 0.000040 0.000102
1031 0.000053 0.000091
1032 0.000042 0.000096
1033 0.000043 0.000055
1034 0.000045 0.000068
1035 0.000056 0.000071
1036 0.000034 0.000073
1037 0.000029 0.000144
1038 0.000036 0.000065
1039 0.000051 0.000061
1040 0.000038 0.000112
1041 0.000058 0.000090
1042 0.000035 0.000103
1043 0.000138 0.000079
1044 0.000037 0.000141
1045 0.000174 0.000096
1046 0.000049 0.000075
1047 0.000042 0.000070
1048 0.000032 0.000085
1049 0.000112 0.000116
1050 0.000038 0.000101
1051 0.000063 0.000055
1052 0.000040 0.000085
1053 0.000050 0.000070
1054 0.000041 0.000066
1055 0.000024 0.000066
1056 0.000039 0.000062
1057 0.000047 0.000069
1058 0.000109 0.000084
1059 0.000030 0.000101
1060 0.000095 0.000081
1061 0.000042 0.000164
1062 0.000048 0.000085
1063 0.000047 0.000075
1064 0.000039 0.000079
1065 0.000045 0.000071
1066 0.000035 0.000086
1067 0.000035 0.000367
1068 0.000036 0.000072
1069 0.000033 0.000066
1070 0.000045 0.000069
1071 0.000046 0.000089
1072 0.000060 0.000139
1073 0.000057 0.000085
1074 0.000036 0.000056
1075 0.000024 0.000085
1076 0.000045 0.000072
1077 0.000038 0.000080
1078 0.000035 0.000101
1079 0.000048 0.000087
1080 0.000059 0.000075
1081 0.000080 0.000054
1082 0.000033 0.000062
1083 0.000031 0.000072
1084 0.000049 0.000146
1085 0.000053 0.000052
1086 0.000029 0.000295
1087 0.000061 0.000090
1088 0.000044 0.000117
1089 0.000033 0.000061
1090 0.000029 0.000092
1091 0.000046 0.000063
1092 0.000049 0.000098
1093 0.000047 0.000072
1094 0.000051 0.000102
1095 0.000039 0.000112
1096 0.000058 0.000073
1097 0.000043 0.000173
1098 0.000065 0.000090
1099 0.000051 0.000084
1100 0.000051 0.000116
1101 0.000043 0.000070
1102 0.000044 0.000090
1103 0.000039 0.000054
1104 0.000035 0.000083
1105 0.000052 0.000088
1106 0.000103 0.000102
1107 0.000039 0.000127
1108 0.000055 0.000078
1109 0.000032 0.000074
1110 0.000039 0.000076
1111 0.000048 0.000141
1112 0.000040 0.000082
1113 0.000063 0.000092
1114 0.000042 0.000036
1115 0.000035 0.000070
1116 0.000038 0.000103
1117 0.000051 0.000089
1118 0.000048 0.000063
1119 0.000020 0.000066
1120 0.000024 0.000049
1121 0.000044 0.000085
1122 0.000059 0.000081
1123 0.000052 0.000113
1124 0.000045 0.000082
1125 0.000045 0.000255
1126 0.000128 0.000052
1127 0.000039 0.000096
1128 0.000054 0.000094
1129 0.000050 0.000075
1130 0.000156 0.000203
1131 0.000039 0.000061
1132 0.000043 0.000079
1133 0.000030 0.000064
1134 0.000093 0.000179
1135 0.000046 0.000076
1136 0.000039 0.000085
1137 0.000044 0.000097
1138 0.000059 0.000081
1139 0.000045 0.000113
1140 0.000045 0.000093
1141 0.000049 0.000136
1142 0.000037 0.000103
1143 0.000046 0.000128
1144 0.000061 0.000142
1145 0.000040 0.000086
1146 0.000053 0.000089
1147 0.000039 0.000055
1148 0.000024 0.000078
1149 0.000089 0.000094
1150 0.000033 0.000080
1151 0.000065 0.000142
1152 0.000038 0.000098
1153 0.000037 0.000056
1154 0.000033 0.000281
1155 0.000034 0.000097
1156 0.000074 0.000105
1157 0.000037 0.000064
1158 0.000068 0.000131
1159 0.000056 0.000120
1160 0.000032 0.000162
1161 0.000052 0.000096
1162 0.000048 0.000086
1163 0.000068 0.000069
1164 0.000031 0.000397
1165 0.000028 0.000068
1166 0.000055 0.000106
1167 0.000049 0.000106
1168 0.000061 0.000068
1169 0.000023 0.000112
1170 0.000071 0.000069
1171 0.000036 0.000099
1172 0.000038 0.000063
1173 0.000046 0.000100
1174 0.000045 0.000090
1175 0.000070 0.000111
1176 0.000077 0.000156
1177 0.000038 0.000193
1178 0.000065 0.000104
1179 0.000089 0.000110
1180 0.000038 0.000074
1181 0.000063 0.000116
1182 0.000044 0.000082
1183 0.000033 0.000184
1184 0.000049 0.000339
1185 0.000049 0.000067
1186 0.000047 0.000135
1187 0.000054 0.000076
1188 0.000053 0.000086
1189 0.000058 0.000087
1190 0.000046 0.000105
1191 0.000030 0.000130
1192 0.000088 0.000086
1193 0.000060 0.000099
1194 0.000040 0.000080
1195 0.000187 0.000080
1196 0.000092 0.000075
1197 0.000100 0.000072
1198 0.000035 0.000073
1199 0.000059 0.000136
1200 0.000092 0.000118
1201 0.000118 0.000092
1202 0.000051 0.000138
1203 0.000045 0.000184
1204 0.000060 0.000131
1205 0.000061 0.000069
1206 0.000111 0.000093
1207 0.000049 0.000093
1208 0.000063 0.000067
1209 0.000039 0.000107
1210 0.000049 0.000084
1211 0.000027 0.000087
1212 0.000034 0.000095
1213 0.000055 0.000078
1214 0.000042 0.000074
1215 0.000035 0.000099
1216 0.000042 0.000115
1217 0.000050 0.000103
1218 0.000060 0.000121
1219 0.000038 0.000129
1220 0.000131 0.000160
1221 0.000064 0.000111
1222 0.000046 0.000116
1223 0.000049 0.000095
1224 0.000046 0.000105
1225 0.000048 0.000101
1226 0.000041 0.000092
1227 0.000042 0.000070
1228 0.000033 0.000100
1229 0.000122 0.000073
1230 0.000043 0.000076
1231 0.000033 0.000373
1232 0.000039 0.000102
1233 0.000047 0.000080
1234 0.000037 0.000072
1235 0.000044 0.000091
1236 0.000056 0.000096
1237 0.000029 0.000073
1238 0.000042 0.000086
1239 0.000043 0.000090
1240 0.000030 0.000072
1241 0.000034 0.000092
1242 0.000048 0.000083
1243 0.000043 0.000080
1244 0.000078 0.000098
1245 0.000047 0.000148
1246 0.000041 0.000117
1247 0.000344 0.000103
1248 0.000047 0.000149
1249 0.000041 0.000106
1250 0.000108 0.000099
1251 0.000095 0.000112
1252 0.000034 0.000077
1253 0.000050 0.000103
1254 0.000044 0.000098
1255 0.000043 0.000107
1256 0.000041 0.000097
1257 0.000052 0.000106
1258 0.000041 0.000075
1259 0.000032 0.000088
1260 0.000047 0.000125
1261 0.000059 0.000109
1262 0.000043 0.000075
1263 0.000049 0.000060
1264 0.000468 0.000125
1265 0.000046 0.000092
1266 0.000043 0.000132
1267 0.000054 0.000113
1268 0.000039 0.000201
1269 0.000048 0.000096
1270 0.000029 0.000076
1271 0.000039 0.000144
1272 0.000037 0.000071
1273 0.000044 0.000098
1274 0.000087 0.000169
1275 0.000045 0.000108
1276 0.000081 0.000085
1277 0.000064 0.000149
1278 0.000126 0.000117
1279 0.000052 0.000116
1280 0.000033 0.000243
1281 0.000056 0.000095
1282 0.000028 0.000065
1283 0.000036 0.000101
1284 0.000055 0.000172
1285 0.000037 0.000097
1286 0.000050 0.000101
1287 0.000112 0.000102
1288 0.000034 0.000055
1289 0.000043 0.000111
1290 0.000075 0.000119
1291 0.000107 0.000101
1292 0.000036 0.000107
1293 0.000038 0.000092
1294 0.000045 0.000088
1295 0.000045 0.000092
1296 0.000052 0.000127
1297 0.000047 0.000122
1298 0.000050 0.000143
1299 0.000059 0.000090
1300 0.000035 0.000059
1301 0.000035 0.000117
1302 0.000042 0.000097
1303 0.000047 0.000110
1304 0.000030 0.000065
1305 0.000047 0.000167
1306 0.000051 0.000112
1307 0.000034 0.000074
1308 0.000034 0.000128
1309 0.000048 0.000107
1310 0.000063 0.000080
1311 0.000039 0.000135
1312 0.000089 0.000094
1313 0.000031 0.000069
1314 0.000071 0.000107
1315 0.000032 0.000082
1316 0.000061 0.000165
1317 0.000050 0.000092
1318 0.000031 0.000085
1319 0.000042 0.000105
1320 0.000047 0.000116
1321 0.000066 0.000106
1322 0.000056 0.000091
1323 0.000065 0.000075
1324 0.000059 0.000240
1325 0.000147 0.000134
1326 0.000034 0.000143
1327 0.000035 0.000100
1328 0.000067 0.000102
1329 0.000024 0.000106
1330 0.000197 0.000111
1331 0.000049 0.000124
1332 0.000039 0.000081
1333 0.000048 0.000072
1334 0.000043 0.000186
1335 0.000063 0.000116
1336 0.000046 0.000148
1337 0.000034 0.000107
1338 0.000060 0.000089
1339 0.000041 0.000151
1340 0.000057 0.000131
1341 0.000057 0.000172
1342 0.000035 0.000044
1343 0.000033 0.000073
1344 0.000048 0.000101
1345 0.000045 0.000096
1346 0.000044 0.000070
1347 0.000074 0.000102
1348 0.000062 0.000107
1349 0.000038 0.000109
1350 0.000034 0.000104
1351 0.000076 0.000233
1352 0.000039 0.000069
1353 0.000056 0.000091
1354 0.000037 0.000111
1355 0.000043 0.000105
1356 0.000043 0.000081
1357 0.000024 0.000070
1358 0.000058 0.000135
1359 0.000044 0.000114
1360 0.000056 0.000171
1361 0.000060 0.000104
1362 0.000048 0.000103
1363 0.000038 0.000111
1364 0.000063 0.000092
1365 0.000035 0.000108
1366 0.000038 0.000106
1367 0.000048 0.000080
1368 0.000059 0.000102
1369 0.000069 0.000192
1370 0.000066 0.000073
1371 0.000089 0.000121
1372 0.000059 0.000106
1373 0.000056 0.000098
1374 0.000033 0.000075
1375 0.000088 0.000120
1376 0.000059 0.000114
1377 0.000052 0.000075
1378 0.000059 0.000119
1379 0.000043 0.000087
1380 0.000040 0.000077
1381 0.000043 0.000102
1382 0.000039 0.000152
1383 0.000042 0.000092
1384 0.000042 0.000212
1385 0.000054 0.000090
1386 0.000054 0.000077
1387 0.000100 0.000125
1388 0.000049 0.000111
1389 0.000059 0.000089
1390 0.000035 0.000128
1391 0.000034 0.000077
1392 0.000042 0.000085
1393 0.000030 0.000109
1394 0.000047 0.000097
1395 0.000184 0.000131
1396 0.000068 0.000121
1397 0.000043 0.000089
1398 0.000035 0.000086
1399 0.000056 0.000108
1400 0.000052 0.000110
1401 0.000064 0.000110
1402 0.000061 0.000113
1403 0.000055 0.000104
1404 0.000059 0.000104
1405 0.000049 0.000080
1406 0.000057 0.000101
1407 0.000036 0.000136
1408 0.000058 0.000146
1409 0.000039 0.000128
1410 0.000068 0.000075
1411 0.000050 0.000118
1412 0.000043 0.000124
1413 0.000046 0.000111
1414 0.000039 0.000102
1415 0.000056 0.000133
1416 0.000105 0.000099
1417 0.000031 0.000088
1418 0.000079 0.000163
1419 0.000070 0.000110
1420 0.000105 0.000119
1421 0.000056 0.000117
1422 0.000128 0.000100
1423 0.000038 0.000081
1424 0.000078 0.000201
1425 0.000049 0.000093
1426 0.000088 0.000109
1427 0.000053 0.000135
1428 0.000101 0.000229
1429 0.000090 0.000172
1430 0.000089 0.000077
1431 0.000035 0.000183
1432 0.000051 0.000114
1433 0.000048 0.000107
1434 0.000063 0.000087
1435 0.000080 0.000118
1436 0.000061 0.000124
1437 0.000111 0.000135
1438 0.000086 0.000087
1439 0.000051 0.000107
1440 0.000042 0.000115
1441 0.000052 0.000084
1442 0.000047 0.000101
1443 0.000044 0.000104
1444 0.000051 0.000083
1445 0.000198 0.000095
1446 0.000029 0.000222
1447 0.000057 0.000308
1448 0.000050 0.000224
1449 0.000039 0.004646
1450 0.000054 0.000107
1451 0.000047 0.000198
1452 0.000057 0.000192
1453 0.000046 0.000116
1454 0.000072 0.000104
1455 0.000032 0.000071
1456 0.000047 0.000166
1457 0.000113 0.000118
1458 0.000045 0.000125
1459 0.000039 0.000113
1460 0.000050 0.000130
1461 0.000049 0.000192
1462 0.000061 0.000116
1463 0.000096 0.000143
1464 0.000080 0.000089
1465 0.000044 0.000130
1466 0.000034 0.000104
1467 0.000093 0.000223
1468 0.000097 0.000114
1469 0.000035 0.000103
1470 0.000085 0.000165
1471 0.000049 0.000108
1472 0.000052 0.000129
1473 0.000043 0.000123
1474 0.000082 0.000136
1475 0.000040 0.000190
1476 0.000053 0.000138
1477 0.000037 0.000137
1478 0.000048 0.000093
1479 0.000090 0.000122
1480 0.000097 0.000176
1481 0.000036 0.000098
1482 0.000064 0.000107
1483 0.000049 0.000194
1484 0.000053 0.000059
1485 0.000038 0.000078
1486 0.000036 0.000102
1487 0.000086 0.000092
1488 0.000036 0.000133
1489 0.000089 0.000109
1490 0.000029 0.000149
1491 0.000060 0.000109
1492 0.000105 0.000124
1493 0.000049 0.000133
1494 0.000072 0.000092
1495 0.000057 0.000221
1496 0.000034 0.000109
1497 0.000092 0.000122
1498 0.000041 0.000089
1499 0.000041 0.000153
1500 0.000051 0.000108
1501 0.000047 0.000267
1502 0.000039 0.000141
1503 0.000049 0.002576
1504 0.000047 0.000096
1505 0.000031 0.000188
1506 0.000104 0.000113
1507 0.000171 0.000088
1508 0.000048 0.000116
1509 0.000050 0.000217
1510 0.000081 0.000105
1511 0.000067 0.000130
1512 0.000083 0.000153
1513 0.000074 0.000151
1514 0.000068 0.000097
1515 0.000037 0.000099
1516 0.000047 0.000241
1517 0.000048 0.000081
1518 0.000041 0.000135
1519 0.000123 0.000169
1520 0.000051 0.000075
1521 0.000052 0.000158
1522 0.000052 0.000109
1523 0.000041 0.000114
1524 0.000038 0.000374
1525 0.000132 0.000126
1526 0.000256 0.000101
1527 0.000063 0.000135
1528 0.000080 0.000160
1529 0.000043 0.000124
1530 0.000126 0.000175
1531 0.000040 0.000121
1532 0.000038 0.000120
1533 0.000069 0.000174
1534 0.000148 0.000096
1535 0.000043 0.000209
1536 0.000085 0.000216
1537 0.000066 0.000098
1538 0.000044 0.000200
1539 0.000051 0.000142
1540 0.000053 0.000165
1541 0.000052 0.000257
1542 0.000070 0.000107
1543 0.000072 0.000076
1544 0.000048 0.000250
1545 0.000050 0.000077
1546 0.000038 0.000112
1547 0.000085 0.000297
1548 0.000083 0.000518
1549 0.000058 0.000162
1550 0.000066 0.000101
1551 0.000072 0.000110
1552 0.000045 0.000103
1553 0.000048 0.000203
1554 0.000073 0.000103
1555 0.000060 0.000258
1556 0.000046 0.000167
1557 0.000057 0.000183
1558 0.000055 0.000117
1559 0.000093 0.000184
1560 0.000064 0.000135
1561 0.000099 0.000161
1562 0.000093 0.000087
1563 0.000067 0.000099
1564 0.000099 0.000357
1565 0.000056 0.000066
1566 0.000047 0.000110
1567 0.000088 0.000193
1568 0.000070 0.000253
1569 0.000049 0.000151
1570 0.000057 0.000131
1571 0.000065 0.000119
1572 0.000109 0.000165
1573 0.000089 0.000106
1574 0.000040 0.000113
1575 0.000057 0.000121
1576 0.000064 0.000117
1577 0.000048 0.000102
1578 0.000058 0.000139
1579 0.000065 0.000120
1580 0.000041 0.000111
1581 0.000054 0.000187
1582 0.000063 0.000125
1583 0.000055 0.000161
1584 0.000044 0.000110
1585 0.000129 0.000307
1586 0.000063 0.000104
1587 0.000168 0.000124
1588 0.000077 0.000109
1589 0.000037 0.000139
1590 0.000075 0.000154
1591 0.000053 0.000113
1592 0.000038 0.000113
1593 0.000071 0.000119
1594 0.000041 0.000098
1595 0.000062 0.000180
1596 0.000045 0.000178
1597 0.000047 0.000077
1598 0.000051 0.000165
1599 0.000052 0.000108
1600 0.000067 0.000151
1601 0.000071 0.000129
1602 0.000047 0.000113
1603 0.000047 0.000123
1604 0.000071 0.000106
1605 0.000056 0.000201
1606 0.000081 0.000165
1607 0.000060 0.000154
1608 0.000057 0.000269
1609 0.000056 0.000139
1610 0.000048 0.000099
1611 0.000051 0.000197
1612 0.000049 0.000123
1613 0.000059 0.000132
1614 0.000069 0.000132
1615 0.000047 0.000100
1616 0.000033 0.000158
1617 0.000065 0.000126
1618 0.000093 0.000135
1619 0.000084 0.000105
1620 0.000038 0.000145
1621 0.000084 0.000142
1622 0.000048 0.000099
1623 0.000042 0.000124
1624 0.000083 0.000106
1625 0.000058 0.000979
1626 0.000071 0.000130
1627 0.000058 0.000096
1628 0.000023 0.000144
1629 0.000053 0.000132
1630 0.000040 0.000121
1631 0.000083 0.000139
1632 0.000088 0.000166
1633 0.000055 0.000202
1634 0.000045 0.000118
1635 0.000080 0.000125
1636 0.000049 0.000191
1637 0.000045 0.000102
1638 0.000050 0.000143
1639 0.000060 0.000185
1640 0.000076 0.000089
1641 0.000071 0.000137
1642 0.000048 0.000188
1643 0.000048 0.000161
1644 0.000048 0.000192
1645 0.000047 0.000110
1646 0.000047 0.000175
1647 0.000044 0.000271
1648 0.000051 0.000231
1649 0.000065 0.000112
1650 0.000055 0.000154
1651 0.000048 0.000093
1652 0.000037 0.000188
1653 0.000068 0.000126
1654 0.000056 0.000119
1655 0.000082 0.000149
1656 0.000053 0.000134
1657 0.000076 0.000197
1658 0.000038 0.000146
1659 0.000047 0.000162
1660 0.000051 0.000103
1661 0.000036 0.000109
1662 0.000118 0.000145
1663 0.000044 0.000086
1664 0.000067 0.000125
1665 0.000042 0.000128
1666 0.000046 0.000081
1667 0.000041 0.000127
1668 0.000055 0.000109
1669 0.000046 0.000177
1670 0.000075 0.000187
1671 0.000061 0.000134
1672 0.000037 0.000147
1673 0.000048 0.000112
1674 0.000032 0.000136
1675 0.000045 0.000107
1676 0.000054 0.000125
1677 0.000070 0.000115
1678 0.000066 0.000142
1679 0.000068 0.000173
1680 0.000047 0.000125
1681 0.000053 0.000139
1682 0.000065 0.000212
1683 0.000054 0.000110
1684 0.000037 0.000162
1685 0.000075 0.000144
1686 0.000075 0.000122
1687 0.000115 0.000133
1688 0.000053 0.000092
1689 0.000200 0.000160
1690 0.000063 0.000101
1691 0.000051 0.000077
1692 0.000042 0.000103
1693 0.000060 0.000128
1694 0.000065 0.000114
1695 0.000045 0.000149
1696 0.000048 0.000197
1697 0.000048 0.000099
1698 0.000055 0.000081
1699 0.000053 0.000136
1700 0.000061 0.000116
1701 0.000049 0.000149
1702 0.000065 0.000100
1703 0.000059 0.000151
1704 0.000056 0.000134
1705 0.000044 0.000124
1706 0.000040 0.000156
1707 0.000044 0.000151
1708 0.000097 0.000200
1709 0.000057 0.000080
1710 0.000053 0.000173
1711 0.000086 0.000117
1712 0.000048 0.000155
1713 0.000096 0.000208
1714 0.000115 0.000183
1715 0.000083 0.000216
1716 0.000058 0.000171
1717 0.000087 0.000242
1718 0.000054 0.000104
1719 0.000061 0.000140
1720 0.000100 0.000161
1721 0.000054 0.000310
1722 0.000079 0.000125
1723 0.000091 0.000123
1724 0.000071 0.000198
1725 0.000068 0.000157
1726 0.000085 0.000135
1727 0.000095 0.000122
1728 0.000053 0.000686
1729 0.000107 0.000177
1730 0.000112 0.000214
1731 0.000058 0.000197
1732 0.000062 0.000128
1733 0.000057 0.000135
1734 0.000064 0.000187
1735 0.000059 0.000151
1736 0.000055 0.000197
1737 0.000045 0.000141
1738 0.000076 0.000137
1739 0.000089 0.000165
1740 0.000062 0.000615
1741 0.000140 0.000132
1742 0.000078 0.000230
1743 0.000080 0.000183
1744 0.000132 0.000129
1745 0.000066 0.000151
1746 0.000071 0.000107
1747 0.000086 0.000160
1748 0.000138 0.000146
1749 0.000057 0.000124
1750 0.000048 0.000185
1751 0.000097 0.000157
1752 0.000039 0.000189
1753 0.000059 0.000159
1754 0.000067 0.000216
1755 0.000057 0.000121
1756 0.000046 0.000119
1757 0.000070 0.000283
1758 0.000039 0.000269
1759 0.000070 0.000145
1760 0.000071 0.000126
1761 0.000054 0.000158
1762 0.000056 0.000226
1763 0.000081 0.000170
1764 0.000065 0.000106
1765 0.000048 0.000126
1766 0.000082 0.000137
1767 0.000053 0.000131
1768 0.000045 0.000152
1769 0.000043 0.000112
1770 0.000067 0.000163
1771 0.000054 0.000143
1772 0.000070 0.000166
1773 0.000063 0.000141
1774 0.000231 0.000168
1775 0.000139 0.000170
1776 0.000043 0.000131
1777 0.000046 0.000159
1778 0.000065 0.000131
1779 0.000062 0.000101
1780 0.000060 0.000229
1781 0.000036 0.000218
1782 0.000058 0.000141
1783 0.000056 0.000105
1784 0.000080 0.000124
1785 0.000155 0.000249
1786 0.000055 0.000112
1787 0.000037 0.000172
1788 0.000117 0.000144
1789 0.000046 0.000139
1790 0.000052 0.000129
1791 0.000050 0.000158
1792 0.000051 0.000111
1793 0.000050 0.000188
1794 0.000077 0.000165
1795 0.000049 0.000191
1796 0.000040 0.000121
1797 0.000063 0.000169
1798 0.000068 0.000144
1799 0.000076 0.000202
1800 0.000087 0.000212
1801 0.000105 0.000172
1802 0.000061 0.000164
1803 0.000057 0.000168
1804 0.000043 0.000165
1805 0.000063 0.000134
1806 0.000049 0.000198
1807 0.000068 0.000181
1808 0.000058 0.000181
1809 0.000078 0.000151
1810 0.000060 0.000129
1811 0.000057 0.000160
1812 0.001361 0.000483
1813 0.000059 0.000174
1814 0.000061 0.000174
1815 0.000053 0.000199
1816 0.000073 0.000124
1817 0.000082 0.000117
1818 0.000040 0.000159
1819 0.000080 0.000165
1820 0.000062 0.000128
1821 0.000084 0.000153
1822 0.000067 0.000123
1823 0.000069 0.000159
1824 0.000046 0.000102
1825 0.000070 0.000184
1826 0.000431 0.000167
1827 0.000048 0.000193
1828 0.000054 0.000181
1829 0.000101 0.000164
1830 0.000059 0.000163
1831 0.000057 0.000124
1832 0.000084 0.000167
1833 0.000063 0.000122
1834 0.000066 0.000207
1835 0.000065 0.000118
1836 0.000071 0.000150
1837 0.000045 0.000256
1838 0.000050 0.000148
1839 0.000076 0.000161
1840 0.000042 0.000122
1841 0.000053 0.000170
1842 0.000071 0.000966
1843 0.000052 0.000089
1844 0.000070 0.000145
1845 0.000075 0.000144
1846 0.000055 0.000161
1847 0.000055 0.000141
1848 0.000190 0.000147
1849 0.000061 0.000127
1850 0.000071 0.000152
1851 0.000051 0.000123
1852 0.000062 0.000238
1853 0.000066 0.000184
1854 0.000046 0.000182
1855 0.000139 0.000174
1856 0.000067 0.000128
1857 0.000058 0.000158
1858 0.000047 0.000244
1859 0.000059 0.000220
1860 0.000169 0.000332
1861 0.000039 0.000212
1862 0.000051 0.000163
1863 0.000047 0.000147
1864 0.000098 0.000179
1865 0.000106 0.000118
1866 0.000105 0.000168
1867 0.000313 0.000108
1868 0.000043 0.000183
1869 0.000208 0.000128
1870 0.000062 0.000124
1871 0.000056 0.000150
1872 0.000062 0.000164
1873 0.000056 0.000142
1874 0.000071 0.000161
1875 0.000051 0.000151
1876 0.000070 0.000113
1877 0.000080 0.000187
1878 0.000075 0.000126
1879 0.000083 0.000165
1880 0.000057 0.000225
1881 0.000076 0.000171
1882 0.000083 0.000159
1883 0.000123 0.000160
1884 0.000127 0.000162
1885 0.000124 0.000096
1886 0.000063 0.000140
1887 0.000047 0.000154
1888 0.000054 0.000258
1889 0.000098 0.000406
1890 0.000052 0.000415
1891 0.000050 0.000129
1892 0.000063 0.000225
1893 0.000057 0.000169
1894 0.000064 0.000289
1895 0.000078 0.000262
1896 0.000066 0.000214
1897 0.000064 0.000149
1898 0.000057 0.000206
1899 0.000057 0.000184
1900 0.000055 0.000131
1901 0.000046 0.000116
1902 0.000073 0.000190
1903 0.000067 0.000182
1904 0.000082 0.000144
1905 0.000041 0.000352
1906 0.000090 0.000155
1907 0.000064 0.000139
1908 0.000048 0.000170
1909 0.000044 0.000181
1910 0.000083 0.000156
1911 0.000054 0.000404
1912 0.000087 0.000130
1913 0.000064 0.000160
1914 0.000059 0.000162
1915 0.000069 0.000170
1916 0.000054 0.000156
1917 0.000060 0.000375
1918 0.000052 0.000156
1919 0.000057 0.000171
1920 0.000064 0.000164
1921 0.000063 0.000176
1922 0.000060 0.000194
1923 0.000066 0.000169
1924 0.000086 0.000197
1925 0.000079 0.000190
1926 0.000052 0.000136
1927 0.000057 0.000171
1928 0.000052 0.000184
1929 0.000087 0.000156
1930 0.000094 0.000251
1931 0.000073 0.000202
1932 0.000040 0.000155
1933 0.000073 0.000284
1934 0.000047 0.000155
1935 0.000060 0.000128
1936 0.000066 0.000184
1937 0.000068 0.000132
1938 0.000053 0.000160
1939 0.000077 0.000151
1940 0.000066 0.000163
1941 0.000062 0.000131
1942 0.000071 0.000181
1943 0.000068 0.000167
1944 0.000060 0.000228
1945 0.000066 0.000153
1946 0.000063 0.000166
1947 0.000072 0.000208
1948 0.000059 0.000233
1949 0.000073 0.000188
1950 0.000083 0.000192
1951 0.000060 0.000169
1952 0.000068 0.000166
1953 0.000079 0.000178
1954 0.000079 0.000158
1955 0.000072 0.000158
1956 0.000136 0.000144
1957 0.000060 0.000195
1958 0.000070 0.000181
1959 0.000057 0.000181
1960 0.000082 0.000165
1961 0.000057 0.000180
1962 0.000059 0.000196
1963 0.000142 0.000175
1964 0.000069 0.000110
1965 0.000074 0.000192
1966 0.000081 0.000217
1967 0.000090 0.000180
1968 0.000056 0.000127
1969 0.000061 0.000174
1970 0.000147 0.000163
1971 0.000074 0.000131
1972 0.000067 0.000136
1973 0.000089 0.000180
1974 0.000049 0.000111
1975 0.000059 0.000153
1976 0.000056 0.000158
1977 0.000067 0.000165
1978 0.000154 0.000141
1979 0.000052 0.000152
1980 0.000054 0.000190
1981 0.000058 0.000139
1982 0.000094 0.000243
1983 0.000049 0.000127
1984 0.000074 0.000171
1985 0.000057 0.000166
1986 0.000061 0.000135
1987 0.000057 0.000148
1988 0.000079 0.000139
1989 0.000052 0.000170
1990 0.000059 0.000155
1991 0.000095 0.000205
1992 0.000060 0.000143
1993 0.000053 0.000141
1994 0.000146 0.000174
1995 0.000065 0.000288
1996 0.000089 0.000161
1997 0.000060 0.000195
1998 0.000072 0.000169
1999 0.000064 0.000224
2000 0.000064 0.000123
2001 0.000054 0.000191
2002 0.000070 0.000181
2003 0.000057 0.000191
2004 0.000059 0.000196
2005 0.000091 0.000151
2006 0.000064 0.000158
2007 0.000055 0.000199
2008 0.000084 0.000149
2009 0.000080 0.000161
2010 0.000091 0.000230
2011 0.000082 0.000221
2012 0.001264 0.000282
2013 0.000065 0.000159
2014 0.000059 0.000212
2015 0.000064 0.000176
2016 0.000140 0.000130
2017 0.000076 0.000161
2018 0.000058 0.000127
2019 0.000088 0.000126
2020 0.000047 0.000210
2021 0.000122 0.000327
2022 0.000046 0.000134
2023 0.000086 0.000199
2024 0.000109 0.000117
2025 0.000115 0.000261
2026 0.000053 0.000183
2027 0.000077 0.000156
2028 0.000076 0.000127
2029 0.000069 0.000175
2030 0.000060 0.000208
2031 0.000088 0.000143
2032 0.000056 0.000173
2033 0.000061 0.000176
2034 0.000055 0.000216
2035 0.000082 0.000158
2036 0.000053 0.000165
2037 0.000080 0.000241
2038 0.000084 0.000332
2039 0.000068 0.000188
2040 0.000199 0.000160
2041 0.000094 0.000191
2042 0.000081 0.000233
2043 0.000063 0.000167
2044 0.000060 0.000726
2045 0.000056 0.000168
2046 0.000074 0.000172
2047 0.000146 0.000494
2048 0.000063 0.000179
2049 0.000310 0.000178
2050 0.000060 0.000755
2051 0.000066 0.000160
2052 0.000060 0.000210
2053 0.000209 0.000167
2054 0.000047 0.000097
2055 0.000184 0.000271
2056 0.000043 0.000217
2057 0.000132 0.000189
2058 0.000088 0.000191
2059 0.000058 0.000126
2060 0.000060 0.000159
2061 0.000182 0.000148
2062 0.000041 0.000140
2063 0.000056 0.000230
2064 0.000072 0.000153
2065 0.000045 0.000158
2066 0.000085 0.000154
2067 0.000069 0.000174
2068 0.000066 0.000185
2069 0.000068 0.000191
2070 0.000051 0.000271
2071 0.000068 0.000193
2072 0.000045 0.000179
2073 0.000076 0.000152
2074 0.000135 0.000192
2075 0.000052 0.000195
2076 0.000055 0.000362
2077 0.000046 0.000168
2078 0.000063 0.000213
2079 0.000062 0.000153
2080 0.000065 0.000148
2081 0.000059 0.000332
2082 0.000044 0.000163
2083 0.000055 0.000174
2084 0.000045 0.000176
2085 0.000057 0.000184
2086 0.000068 0.000108
2087 0.000056 0.000194
2088 0.000070 0.000124
2089 0.000059 0.000182
2090 0.000080 0.000183
2091 0.000063 0.000186
2092 0.000064 0.000204
2093 0.000044 0.000241
2094 0.000148 0.000153
2095 0.000055 0.000108
2096 0.000065 0.000188
2097 0.000070 0.001065
2098 0.000055 0.000210
2099 0.000254 0.000138
2100 0.000142 0.000247
2101 0.000054 0.000154
2102 0.000038 0.000152
2103 0.000057 0.000402
2104 0.000060 0.000224
2105 0.000284 0.000233
2106 0.000045 0.000193
2107 0.000073 0.000182
2108 0.000070 0.000264
2109 0.000080 0.000165
2110 0.000151 0.000181
2111 0.000077 0.000175
2112 0.000060 0.000160
2113 0.000092 0.000159
2114 0.000045 0.000138
2115 0.000057 0.000161
2116 0.000097 0.000173
2117 0.000059 0.000246
2118 0.000071 0.000377
2119 0.000069 0.000164
2120 0.000067 0.000473
2121 0.000051 0.000153
2122 0.000080 0.000286
2123 0.000061 0.000190
2124 0.000068 0.000157
2125 0.000066 0.000198
2126 0.000066 0.000195
2127 0.000168 0.000186
2128 0.000091 0.000131
2129 0.000048 0.000136
2130 0.000068 0.000182
2131 0.000065 0.000266
2132 0.000079 0.000132
2133 0.000058 0.000174
2134 0.000085 0.000152
2135 0.000049 0.000201
2136 0.000053 0.000213
2137 0.000052 0.000177
2138 0.000113 0.000151
2139 0.000048 0.000159
2140 0.000054 0.000167
2141 0.000047 0.000357
2142 0.000081 0.000174
2143 0.000048 0.000227
2144 0.000051 0.000370
2145 0.000056 0.000179
2146 0.000071 0.000189
2147 0.000053 0.000196
2148 0.000068 0.000191
2149 0.000090 0.000168
2150 0.000098 0.000223
2151 0.000081 0.000197
2152 0.000056 0.000211
2153 0.000094 0.000197
2154 0.000084 0.000184
2155 0.000167 0.000251
2156 0.000042 0.000165
2157 0.000057 0.001181
2158 0.000077 0.000146
2159 0.000054 0.000147
2160 0.000051 0.000177
2161 0.000076 0.000150
2162 0.000114 0.000325
2163 0.000056 0.000179
2164 0.000084 0.000295
2165 0.000062 0.000199
2166 0.000051 0.000208
2167 0.000127 0.000176
2168 0.000055 0.000186
2169 0.000083 0.000166
2170 0.000060 0.000145
2171 0.000045 0.000254
2172 0.000084 0.000156
2173 0.000076 0.000276
2174 0.000070 0.000155
2175 0.000055 0.000348
2176 0.000049 0.000159
2177 0.000075 0.000296
2178 0.000069 0.000218
2179 0.000075 0.000225
2180 0.000056 0.000184
2181 0.000103 0.000188
2182 0.000091 0.000088
2183 0.000063 0.000156
2184 0.000051 0.000137
2185 0.000071 0.000163
2186 0.000055 0.000245
2187 0.000053 0.000233
2188 0.000098 0.000178
2189 0.000058 0.000144
2190 0.000044 0.000291
2191 0.000071 0.000178
2192 0.000116 0.000231
2193 0.000064 0.000190
2194 0.000073 0.000188
2195 0.000071 0.000221
2196 0.000072 0.000160
2197 0.000067 0.000222
2198 0.000151 0.000201
2199 0.000059 0.000145
2200 0.000057 0.000197
2201 0.000056 0.000206
2202 0.000071 0.000533
2203 0.000079 0.000186
2204 0.000076 0.000202
2205 0.000051 0.000256
2206 0.000078 0.000152
2207 0.000080 0.000206
2208 0.000126 0.000314
2209 0.000092 0.000127
2210 0.000061 0.000158
2211 0.000104 0.000267
2212 0.000063 0.000158
2213 0.000099 0.000170
2214 0.000048 0.000208
2215 0.000070 0.000187
2216 0.000054 0.000192
2217 0.000079 0.000185
2218 0.000070 0.000186
2219 0.000059 0.000187
2220 0.000083 0.000143
2221 0.000051 0.000167
2222 0.000121 0.000258
2223 0.000049 0.000198
2224 0.000055 0.000136
2225 0.000059 0.000202
2226 0.000062 0.000216
2227 0.000050 0.000187
2228 0.000072 0.000177
2229 0.000057 0.000160
2230 0.000055 0.000256
2231 0.000162 0.000208
2232 0.000051 0.000185
2233 0.000052 0.000177
2234 0.000050 0.000166
2235 0.000058 0.000158
2236 0.000403 0.000223
2237 0.000062 0.000196
2238 0.000060 0.000198
2239 0.000053 0.000263
2240 0.000048 0.000232
2241 0.000108 0.000095
2242 0.000053 0.000197
2243 0.000081 0.000371
2244 0.000080 0.000241
2245 0.000057 0.000215
2246 0.000084 0.000176
2247 0.000060 0.000373
2248 0.000063 0.000187
2249 0.000068 0.000185
2250 0.000059 0.000176
2251 0.000069 0.000184
2252 0.000092 0.000175
2253 0.000059 0.000499
2254 0.000064 0.000175
2255 0.000063 0.000182
2256 0.000091 0.000169
2257 0.000092 0.000165
2258 0.000067 0.000266
2259 0.000075 0.000189
2260 0.000086 0.000177
2261 0.000073 0.000163
2262 0.000079 0.000249
2263 0.000044 0.000305
2264 0.000083 0.000328
2265 0.000043 0.000151
2266 0.000077 0.000118
2267 0.000047 0.000149
2268 0.000065 0.000144
2269 0.000073 0.000241
2270 0.000079 0.000206
2271 0.000064 0.000284
2272 0.000063 0.000191
2273 0.000095 0.000153
2274 0.000091 0.000147
2275 0.000075 0.000225
2276 0.000050 0.000417
2277 0.000083 0.000245
2278 0.000051 0.000178
2279 0.000131 0.000176
2280 0.000063 0.000182
2281 0.000108 0.000248
2282 0.000064 0.000196
2283 0.000056 0.000243
2284 0.000074 0.000163
2285 0.000058 0.000211
2286 0.000037 0.000203
2287 0.000062 0.000164
2288 0.000052 0.000296
2289 0.000069 0.000195
2290 0.000054 0.000224
2291 0.000073 0.000280
2292 0.000055 0.000456
2293 0.000065 0.000168
2294 0.000084 0.000209
2295 0.000052 0.000205
2296 0.000058 0.000164
2297 0.000070 0.000179
2298 0.000061 0.000206
2299 0.000905 0.000208
2300 0.000084 0.000303
2301 0.000056 0.000282
2302 0.000065 0.000144
2303 0.000050 0.000268
2304 0.000136 0.000159
2305 0.000065 0.000199
2306 0.000078 0.000161
2307 0.000077 0.000230
2308 0.000059 0.000239
2309 0.000065 0.000185
2310 0.000090 0.000144
2311 0.000142 0.000213
2312 0.000077 0.000231
2313 0.000073 0.000166
2314 0.000055 0.000137
2315 0.000083 0.000186
2316 0.000123 0.000464
2317 0.000044 0.000167
2318 0.000127 0.000222
2319 0.000073 0.000198
2320 0.000074 0.000175
2321 0.000064 0.000244
2322 0.000078 0.000221
2323 0.000089 0.000205
2324 0.000076 0.000204
2325 0.000078 0.000175
2326 0.000057 0.000168
2327 0.000086 0.000279
2328 0.000100 0.000197
2329 0.000081 0.000215
2330 0.000059 0.000201
2331 0.000069 0.000412
2332 0.000050 0.000399
2333 0.000081 0.000213
2334 0.000120 0.000304
2335 0.000086 0.000121
2336 0.000084 0.000203
2337 0.000077 0.000218
2338 0.000069 0.000201
2339 0.000102 0.000318
2340 0.000063 0.000154
2341 0.000065 0.000330
2342 0.000065 0.000209
2343 0.000102 0.000197
2344 0.000050 0.000256
2345 0.000066 0.000167
2346 0.000064 0.000258
2347 0.000066 0.000320
2348 0.000065 0.000239
2349 0.000095 0.000126
2350 0.000101 0.000222
2351 0.000073 0.000130
2352 0.000058 0.000160
2353 0.000097 0.000178
2354 0.000084 0.000187
2355 0.000106 0.000230
2356 0.000050 0.000404
2357 0.000071 0.000157
2358 0.000062 0.000214
2359 0.000048 0.000162
2360 0.000062 0.000223
2361 0.000063 0.000153
2362 0.000073 0.000194
2363 0.000346 0.000163
2364 0.000071 0.000214
2365 0.000058 0.000165
2366 0.000050 0.000264
2367 0.000055 0.000186
2368 0.000069 0.000203
2369 0.000073 0.000410
2370 0.000148 0.000208
2371 0.000082 0.000182
2372 0.000068 0.000178
2373 0.000089 0.000227
2374 0.000394 0.000218
2375 0.000152 0.000204
2376 0.000053 0.000164
2377 0.000065 0.000171
2378 0.000046 0.000232
2379 0.000114 0.000199
2380 0.000139 0.000289
2381 0.000063 0.000186
2382 0.000088 0.000224
2383 0.000068 0.000227
2384 0.000054 0.000292
2385 0.000082 0.000258
2386 0.000075 0.000255
2387 0.000101 0.000269
2388 0.000074 0.000260
2389 0.000073 0.000230
2390 0.000060 0.000235
2391 0.000084 0.000265
2392 0.000055 0.000276
2393 0.000054 0.000194
2394 0.000058 0.000205
2395 0.000078 0.000189
2396 0.000074 0.000258
2397 0.000044 0.000306
2398 0.000068 0.000224
2399 0.000065 0.000220
2400 0.000099 0.000267
2401 0.000067 0.000223
2402 0.000063 0.000211
2403 0.000073 0.000196
2404 0.000116 0.000421
2405 0.000079 0.000216
2406 0.000097 0.000294
2407 0.000055 0.000212
2408 0.000066 0.000180
2409 0.000081 0.000368
2410 0.000058 0.000360
2411 0.000049 0.000178
2412 0.000058 0.000147
2413 0.000086 0.000287
2414 0.000144 0.000326
2415 0.000051 0.000284
2416 0.000079 0.000305
2417 0.000061 0.000269
2418 0.000062 0.000243
2419 0.000114 0.000263
2420 0.000060 0.000183
2421 0.000059 0.000241
2422 0.000063 0.000188
2423 0.000056 0.000164
2424 0.000061 0.000284
2425 0.000111 0.000318
2426 0.000053 0.000205
2427 0.000119 0.000190
2428 0.000063 0.000211
2429 0.000045 0.000231
2430 0.000055 0.000162
2431 0.000073 0.003141
2432 0.000231 0.000269
2433 0.000073 0.000176
2434 0.000086 0.000233
2435 0.000067 0.000335
2436 0.000063 0.000264
2437 0.000087 0.000314
2438 0.000063 0.000188
2439 0.000082 0.000207
2440 0.000086 0.000166
2441 0.000135 0.000292
2442 0.000068 0.000355
2443 0.000071 0.000143
2444 0.000059 0.000204
2445 0.000113 0.000284
2446 0.000055 0.000164
2447 0.000057 0.000177
2448 0.000072 0.000292
2449 0.000070 0.000239
2450 0.000054 0.000452
2451 0.000077 0.000224
2452 0.000056 0.000260
2453 0.000063 0.000259
2454 0.000177 0.002184
2455 0.000088 0.000234
2456 0.000055 0.000198
2457 0.000127 0.000197
2458 0.000064 0.000208
2459 0.000060 0.000213
2460 0.000078 0.000223
2461 0.000072 0.000449
2462 0.000053 0.000186
2463 0.000058 0.000213
2464 0.000053 0.000149
2465 0.000079 0.000248
2466 0.000066 0.000208
2467 0.000122 0.000223
2468 0.000071 0.000176
2469 0.000066 0.000502
2470 0.000055 0.000154
2471 0.000061 0.000222
2472 0.000083 0.000164
2473 0.000080 0.000207
2474 0.000062 0.000193
2475 0.000087 0.000218
2476 0.000557 0.000214
2477 0.000058 0.000215
2478 0.000067 0.000290
2479 0.000084 0.000170
2480 0.000076 0.000219
2481 0.000067 0.000137
2482 0.000097 0.000208
2483 0.000070 0.000207
2484 0.000082 0.000232
2485 0.000065 0.000155
2486 0.000062 0.000305
2487 0.000088 0.000352
2488 0.000180 0.000190
2489 0.000047 0.000231
2490 0.000109 0.000173
2491 0.000079 0.000242
2492 0.000061 0.000303
2493 0.000054 0.000397
2494 0.000073 0.000223
2495 0.000047 0.000225
2496 0.000069 0.000226
2497 0.000096 0.000200
2498 0.000067 0.000226
2499 0.000096 0.000408
2500 0.000113 0.000211
2501 0.000099 0.000215
2502 0.000086 0.000190
2503 0.000053 0.000237
2504 0.000072 0.000211
2505 0.000072 0.000249
2506 0.000073 0.000199
2507 0.000107 0.000283
2508 0.000073 0.000248
2509 0.000094 0.000210
2510 0.000100 0.000445
2511 0.000083 0.000259
2512 0.000228 0.000217
2513 0.000099 0.000161
2514 0.000051 0.000165
2515 0.000170 0.000171
2516 0.000096 0.000324
2517 0.000092 0.000258
2518 0.000098 0.000220
2519 0.000108 0.000367
2520 0.000083 0.000200
2521 0.000052 0.000123
2522 0.000197 0.000150
2523 0.000069 0.000164
2524 0.000079 0.001105
2525 0.000060 0.000167
2526 0.000062 0.000232
2527 0.000091 0.000133
2528 0.000072 0.000177
2529 0.000070 0.000399
2530 0.000098 0.000204
2531 0.000054 0.000636
2532 0.000095 0.000352
2533 0.000122 0.000338
2534 0.000076 0.000221
2535 0.000085 0.000280
2536 0.000087 0.000214
2537 0.000064 0.000253
2538 0.000063 0.000166
2539 0.000088 0.000338
2540 0.000055 0.000184
2541 0.000065 0.000301
2542 0.000085 0.000205
2543 0.000090 0.000230
2544 0.000104 0.000234
2545 0.000135 0.000160
2546 0.000089 0.000151
2547 0.000077 0.000223
2548 0.000134 0.000255
2549 0.000074 0.000208
2550 0.000080 0.000328
2551 0.000052 0.000171
2552 0.000076 0.000191
2553 0.000158 0.000231
2554 0.000120 0.000296
2555 0.000149 0.000299
2556 0.000084 0.000212
2557 0.000060 0.000282
2558 0.000081 0.000219
2559 0.000116 0.000194
2560 0.000056 0.000195
2561 0.000069 0.000254
2562 0.000070 0.000226
2563 0.000087 0.000238
2564 0.000126 0.000150
2565 0.000067 0.000244
2566 0.000061 0.000258
2567 0.000087 0.000219
2568 0.000059 0.000237
2569 0.000073 0.000213
2570 0.000064 0.000225
2571 0.000065 0.000209
2572 0.000077 0.000297
2573 0.000063 0.000248
2574 0.000058 0.000351
2575 0.000088 0.000318
2576 0.000056 0.000221
2577 0.000075 0.000221
2578 0.000086 0.000201
2579 0.000073 0.000155
2580 0.000085 0.000230
2581 0.000051 0.000226
2582 0.000110 0.000198
2583 0.000071 0.000249
2584 0.000072 0.000336
2585 0.000079 0.000223
2586 0.000067 0.000272
2587 0.000104 0.000222
2588 0.000086 0.000346
2589 0.000080 0.000265
2590 0.000097 0.000160
2591 0.000050 0.000345
2592 0.000057 0.000253
2593 0.000064 0.000219
2594 0.000064 0.000218
2595 0.000068 0.000285
2596 0.000067 0.000195
2597 0.000057 0.000197
2598 0.000092 0.000562
2599 0.000055 0.000174
2600 0.000062 0.000237
2601 0.000086 0.000256
2602 0.000117 0.000211
2603 0.000114 0.000268
2604 0.000106 0.000211
2605 0.000075 0.000327
2606 0.000088 0.000199
2607 0.000073 0.000217
2608 0.000060 0.000302
2609 0.000057 0.000267
2610 0.000075 0.000184
2611 0.000068 0.000180
2612 0.000072 0.000310
2613 0.000060 0.000181
2614 0.000074 0.000192
2615 0.000080 0.000220
2616 0.000057 0.000243
2617 0.000102 0.000243
2618 0.000082 0.000273
2619 0.000199 0.000233
2620 0.000069 0.000231
2621 0.000050 0.000263
2622 0.000063 0.000183
2623 0.000103 0.000194
2624 0.000057 0.000235
2625 0.000069 0.000216
2626 0.000101 0.000261
2627 0.000084 0.000270
2628 0.000114 0.000245
2629 0.000068 0.000224
2630 0.000075 0.000265
2631 0.000122 0.000274
2632 0.000071 0.000171
2633 0.000080 0.000201
2634 0.000061 0.000181
2635 0.000063 0.000222
2636 0.000102 0.000258
2637 0.000090 0.000264
2638 0.000064 0.000172
2639 0.000081 0.000289
2640 0.000079 0.000215
2641 0.000062 0.000224
2642 0.000140 0.000303
2643 0.000067 0.000211
2644 0.000088 0.000231
2645 0.000055 0.000386
2646 0.000061 0.000369
2647 0.000055 0.000227
2648 0.000096 0.000258
2649 0.000067 0.000232
2650 0.000138 0.000217
2651 0.000065 0.000435
2652 0.000105 0.000221
2653 0.000039 0.000261
2654 0.000056 0.000324
2655 0.000096 0.000271
2656 0.000076 0.000200
2657 0.000056 0.000181
2658 0.000065 0.000195
2659 0.000077 0.000204
2660 0.000059 0.000285
2661 0.000076 0.000260
2662 0.000082 0.000254
2663 0.000064 0.000615
2664 0.000085 0.000225
2665 0.000109 0.000265
2666 0.000053 0.000196
2667 0.000112 0.000360
2668 0.000105 0.000268
2669 0.000106 0.000304
2670 0.000066 0.000406
2671 0.000056 0.000528
2672 0.000071 0.000198
2673 0.000109 0.000217
2674 0.000083 0.000206
2675 0.000066 0.000223
2676 0.000203 0.000455
2677 0.000074 0.000199
2678 0.000101 0.000237
2679 0.000100 0.000254
2680 0.000084 0.000228
2681 0.000060 0.000208
2682 0.000091 0.000279
2683 0.000060 0.000226
2684 0.000071 0.000230
2685 0.000073 0.000209
2686 0.000065 0.000192
2687 0.000074 0.000264
2688 0.000082 0.000169
2689 0.000134 0.000211
2690 0.000058 0.000185
2691 0.000096 0.000304
2692 0.000061 0.000281
2693 0.000066 0.000378
2694 0.000099 0.000214
2695 0.000089 0.000326
2696 0.000065 0.000230
2697 0.000070 0.000222
2698 0.000094 0.000269
2699 0.000065 0.000177
2700 0.000165 0.000166
2701 0.000085 0.000195
2702 0.000163 0.000231
2703 0.000127 0.000250
2704 0.000118 0.000205
2705 0.000075 0.000204
2706 0.000117 0.000271
2707 0.000056 0.000205
2708 0.000633 0.000175
2709 0.000051 0.000195
2710 0.000055 0.000237
2711 0.000101 0.000525
2712 0.000086 0.000193
2713 0.000070 0.000275
2714 0.000106 0.000401
2715 0.000055 0.000177
2716 0.000095 0.000193
2717 0.000049 0.000314
2718 0.000103 0.000189
2719 0.000113 0.000232
2720 0.000055 0.000188
2721 0.000064 0.000357
2722 0.000061 0.000299
2723 0.000070 0.000372
2724 0.000071 0.000436
2725 0.000059 0.000387
2726 0.000089 0.000257
2727 0.000082 0.000493
2728 0.000106 0.000166
2729 0.000070 0.000186
2730 0.000164 0.000235
2731 0.000064 0.000238
2732 0.000066 0.000289
2733 0.000064 0.000237
2734 0.000084 0.000211
2735 0.000117 0.001010
2736 0.000095 0.000253
2737 0.000098 0.000303
2738 0.000064 0.000286
2739 0.000071 0.000331
2740 0.000061 0.000247
2741 0.000064 0.000423
2742 0.000067 0.000145
2743 0.000071 0.000569
2744 0.000080 0.000282
2745 0.000116 0.000375
2746 0.000092 0.000329
2747 0.000165 0.000215
2748 0.000113 0.000184
2749 0.000096 0.000304
2750 0.000063 0.000256
2751 0.000067 0.000203
2752 0.000088 0.000229
2753 0.000066 0.000176
2754 0.000113 0.000197
2755 0.000059 0.000126
2756 0.000116 0.000351
2757 0.000126 0.000282
2758 0.000078 0.000345
2759 0.000060 0.000371
2760 0.000087 0.000233
2761 0.000060 0.000461
2762 0.000066 0.000195
2763 0.000112 0.000429
2764 0.000076 0.000224
2765 0.000057 0.000222
2766 0.000075 0.000371
2767 0.000064 0.000195
2768 0.000058 0.000302
2769 0.000069 0.000327
2770 0.000227 0.000238
2771 0.000053 0.000317
2772 0.000063 0.000328
2773 0.000070 0.000210
2774 0.000124 0.000197
2775 0.000095 0.000305
2776 0.000060 0.000224
2777 0.000090 0.000259
2778 0.000068 0.000243
2779 0.000060 0.000333
2780 0.000063 0.000310
2781 0.000128 0.000234
2782 0.000101 0.000320
2783 0.000063 0.000251
2784 0.000078 0.000193
2785 0.000071 0.000308
2786 0.000058 0.000245
2787 0.000054 0.000262
2788 0.000118 0.000299
2789 0.000204 0.000438
2790 0.000060 0.000366
2791 0.000068 0.000272
2792 0.000229 0.000360
2793 0.000148 0.000235
2794 0.000051 0.000272
2795 0.000085 0.000249
2796 0.000051 0.000210
2797 0.000175 0.000245
2798 0.000060 0.000169
2799 0.000069 0.000259
2800 0.000089 0.000262
2801 0.000069 0.000295
2802 0.000065 0.000241
2803 0.000062 0.000300
2804 0.000083 0.000244
2805 0.000067 0.000234
2806 0.000076 0.000280
2807 0.000091 0.000270
2808 0.000106 0.000269
2809 0.000069 0.000278
2810 0.000072 0.000181
2811 0.000088 0.000260
2812 0.000343 0.000246
2813 0.000065 0.000284
2814 0.000090 0.000227
2815 0.000128 0.000241
2816 0.000063 0.000390
2817 0.000091 0.000284
2818 0.000051 0.000264
2819 0.000145 0.000219
2820 0.000077 0.000302
2821 0.000105 0.000250
2822 0.000097 0.000273
2823 0.000060 0.000275
2824 0.000130 0.000255
2825 0.000124 0.000196
2826 0.000079 0.000301
2827 0.000072 0.000395
2828 0.000088 0.000259
2829 0.000086 0.000239
2830 0.000068 0.000220
2831 0.000345 0.000243
2832 0.000053 0.000503
2833 0.000063 0.000239
2834 0.000063 0.000298
2835 0.000086 0.000202
2836 0.000085 0.000248
2837 0.000104 0.000218
2838 0.000071 0.000214
2839 0.000249 0.000338
2840 0.000115 0.000228
2841 0.000081 0.000381
2842 0.000077 0.000505
2843 0.000120 0.000243
2844 0.000098 0.000295
2845 0.000139 0.000204
2846 0.000076 0.000268
2847 0.000109 0.000250
2848 0.000110 0.000241
2849 0.000085 0.000301
2850 0.000078 0.000295
2851 0.000063 0.000228
2852 0.000105 0.000249
2853 0.000067 0.000264
2854 0.000148 0.000314
2855 0.000107 0.000217
2856 0.000053 0.000149
2857 0.000090 0.000206
2858 0.000069 0.000196
2859 0.000070 0.000241
2860 0.000073 0.000307
2861 0.000107 0.000270
2862 0.000141 0.000325
2863 0.000398 0.000317
2864 0.000217 0.000328
2865 0.000075 0.000284
2866 0.000194 0.000457
2867 0.000069 0.000363
2868 0.000070 0.000378
2869 0.000112 0.000272
2870 0.000081 0.000307
2871 0.000119 0.000440
2872 0.000123 0.000210
2873 0.000112 0.000276
2874 0.000218 0.000233
2875 0.000095 0.000282
2876 0.000090 0.000247
2877 0.000087 0.000268
2878 0.000070 0.000321
2879 0.000072 0.000378
2880 0.000052 0.000262
2881 0.000113 0.000230
2882 0.000062 0.000286
2883 0.000098 0.000297
2884 0.000061 0.000353
2885 0.000069 0.000241
2886 0.000083 0.000349
2887 0.000184 0.000718
2888 0.000069 0.000255
2889 0.000066 0.000199
2890 0.000074 0.000257
2891 0.000104 0.000279
2892 0.000060 0.000278
2893 0.000103 0.000236
2894 0.000056 0.000254
2895 0.000056 0.000169
2896 0.000112 0.000172
2897 0.000080 0.000417
2898 0.000071 0.000247
2899 0.000070 0.000326
2900 0.000170 0.000286
2901 0.000078 0.000232
2902 0.000075 0.000281
2903 0.000279 0.003032
2904 0.000056 0.000355
2905 0.000069 0.000346
2906 0.000064 0.000405
2907 0.000088 0.000268
2908 0.000160 0.000309
2909 0.000095 0.000269
2910 0.000087 0.000382
2911 0.000121 0.000209
2912 0.000106 0.000371
2913 0.000112 0.000366
2914 0.000105 0.000341
2915 0.000074 0.000458
2916 0.000235 0.000638
2917 0.000291 0.000254
2918 0.000081 0.000311
2919 0.000072 0.000264
2920 0.000099 0.000242
2921 0.000093 0.000252
2922 0.000083 0.000769
2923 0.000065 0.000438
2924 0.000096 0.000397
2925 0.000113 0.000243
2926 0.000087 0.000393
2927 0.000123 0.000272
2928 0.000036 0.000291
2929 0.000093 0.000296
2930 0.000128 0.000280
2931 0.000100 0.000367
2932 0.000079 0.000272
2933 0.000129 0.000223
2934 0.000095 0.000352
2935 0.000068 0.000301
2936 0.000101 0.000217
2937 0.000066 0.000270
2938 0.000061 0.000243
2939 0.000151 0.000443
2940 0.000093 0.000337
2941 0.000145 0.000289
2942 0.000089 0.000285
2943 0.000108 0.000329
2944 0.000060 0.000251
2945 0.000067 0.000327
2946 0.000074 0.000271
2947 0.000061 0.000304
2948 0.000073 0.000185
2949 0.000082 0.000269
2950 0.000145 0.000245
2951 0.000140 0.000286
2952 0.000100 0.000250
2953 0.000107 0.000247
2954 0.000067 0.000277
2955 0.000075 0.000245
2956 0.000091 0.000434
2957 0.000247 0.000265
2958 0.000069 0.000702
2959 0.000055 0.000329
2960 0.000061 0.000342
2961 0.000095 0.000274
2962 0.000069 0.000349
2963 0.000069 0.000245
2964 0.000066 0.000221
2965 0.000100 0.000256
2966 0.000064 0.000347
2967 0.000072 0.000381
2968 0.000066 0.000180
2969 0.000066 0.000351
2970 0.000326 0.000335
2971 0.000066 0.000333
2972 0.000082 0.000216
2973 0.000076 0.000366
2974 0.000061 0.000181
2975 0.000078 0.000388
2976 0.000067 0.000338
2977 0.000108 0.000218
2978 0.000081 0.000295
2979 0.000107 0.000344
2980 0.000067 0.000235
2981 0.000085 0.001748
2982 0.000098 0.000231
2983 0.000061 0.000209
2984 0.000067 0.000286
2985 0.000073 0.000290
2986 0.000066 0.000486
2987 0.000099 0.000219
2988 0.000068 0.000231
2989 0.000132 0.000291
2990 0.000173 0.000249
2991 0.000104 0.000264
2992 0.000109 0.000245
2993 0.000068 0.000380
2994 0.000102 0.000277
2995 0.000065 0.000307
2996 0.000076 0.000293
2997 0.000061 0.000330
2998 0.000088 0.000218
2999 0.000060 0.000302
