1000 0.000017 0.000049
1001 0.000016 0.000061
1002 0.000019 0.000068
1003 0.000021 0.000072
1004 0.000081 0.000045
1005 0.000059 0.000050
1006 0.000015 0.000063
1007 0.000021 0.000046
1008 0.000020 0.000065
1009 0.000023 0.000052
1010 0.000017 0.000060
1011 0.000021 0.000088
1012 0.000018 0.000154
1013 0.000026 0.000085
1014 0.000021 0.000062
1015 0.000021 0.000046
1016 0.000015 0.000087
1017 0.000019 0.000060
1018 0.000040 0.000061
1019 0.000018 0.000029
1020 0.000018 0.000291
1021 0.000027 0.000099
1022 0.000017 0.000056
1023 0.000016 0.000078
1024 0.000017 0.000070
1025 0.000054 0.000102
1026 0.000021 0.000100
1027 0.000018 0.000080
1028 0.000019 0.000085
1029 0.000014 0.000040
1030 0.000016 0.000071
1031 0.000019 0.000070
1032 0.000018 0.000090
1033 0.000020 0.000060
1034 0.000018 0.000087
1035 0.000017 0.000056
1036 0.000025 0.000117
1037 0.000024 0.000098
1038 0.000021 0.000053
1039 0.000015 0.000069
1040 0.000017 0.000060
1041 0.000019 0.000081
1042 0.000018 0.000085
1043 0.000028 0.000079
1044 0.000019 0.000051
1045 0.000017 0.000078
1046 0.000018 0.000050
1047 0.000015 0.000047
1048 0.000020 0.000064
1049 0.000018 0.000104
1050 0.000020 0.000063
1051 0.000035 0.000082
1052 0.000020 0.000051
1053 0.000015 0.000041
1054 0.000020 0.000056
1055 0.000016 0.000041
1056 0.000017 0.000103
1057 0.000018 0.000116
1058 0.000080 0.000068
1059 0.000021 0.000048
1060 0.000015 0.000072
1061 0.000016 0.000053
1062 0.000018 0.000090
1063 0.000017 0.000109
1064 0.000028 0.000112
1065 0.000018 0.000085
1066 0.000019 0.000082
1067 0.000022 0.000061
1068 0.000016 0.000087
1069 0.000018 0.000042
1070 0.000015 0.000059
1071 0.000022 0.000123
1072 0.000023 0.000145
1073 0.000020 0.000052
1074 0.000020 0.000052
1075 0.000024 0.000087
1076 0.000024 0.000091
1077 0.000026 0.000089
1078 0.000030 0.000098
1079 0.000021 0.000053
1080 0.000027 0.000075
1081 0.000016 0.000077
1082 0.000020 0.000085
1083 0.000019 0.000116
1084 0.000025 0.000053
1085 0.000019 0.000073
1086 0.000019 0.000086
1087 0.000018 0.000080
1088 0.000019 0.000053
1089 0.000016 0.000088
1090 0.000021 0.000097
1091 0.000022 0.000075
1092 0.000024 0.000115
1093 0.000022 0.000077
1094 0.000018 0.000048
1095 0.000018 0.000068
1096 0.000019 0.000052
1097 0.000020 0.000105
1098 0.000024 0.000103
1099 0.000020 0.000083
