1000 0.000003 0.000017
1001 0.000003 0.000014
1002 0.000004 0.000021
1003 0.000003 0.000018
1004 0.000004 0.000017
1005 0.000002 0.000011
1006 0.000002 0.000014
1007 0.000005 0.000011
1008 0.000002 0.000016
1009 0.000003 0.000013
1010 0.000004 0.000013
1011 0.000003 0.000010
1012 0.000002 0.000011
1013 0.000003 0.000013
1014 0.000003 0.000016
1015 0.000003 0.000016
1016 0.000004 0.000013
1017 0.000002 0.000014
1018 0.000003 0.000008
1019 0.000002 0.000010
1020 0.000003 0.000016
1021 0.000004 0.000013
1022 0.000004 0.000015
1023 0.000003 0.000019
1024 0.000003 0.000011
1025 0.000002 0.000014
1026 0.000003 0.000021
1027 0.000004 0.000015
1028 0.000003 0.000013
1029 0.000003 0.000015
1030 0.000004 0.000014
1031 0.000004 0.000012
1032 0.000004 0.000017
1033 0.000005 0.000014
1034 0.000003 0.000012
1035 0.000003 0.000010
1036 0.000004 0.000009
1037 0.000002 0.000009
1038 0.000004 0.000011
1039 0.000003 0.000017
1040 0.000004 0.000015
1041 0.000004 0.000038
1042 0.000004 0.000016
1043 0.000003 0.000010
1044 0.000003 0.000009
1045 0.000003 0.000010
1046 0.000005 0.000014
1047 0.000006 0.000015
1048 0.000004 0.000012
1049 0.000003 0.000010
1050 0.000003 0.000009
1051 0.000002 0.000008
1052 0.000003 0.000014
1053 0.000005 0.000015
1054 0.000004 0.000014
1055 0.000004 0.000012
1056 0.000002 0.000014
1057 0.000003 0.000009
1058 0.000003 0.000007
1059 0.000003 0.000009
1060 0.000003 0.000007
1061 0.000003 0.000009
1062 0.000004 0.000014
1063 0.000005 0.000013
1064 0.000005 0.000013
1065 0.000002 0.000010
1066 0.000003 0.000010
1067 0.000002 0.000007
1068 0.000003 0.000010
1069 0.000007 0.000012
1070 0.000010 0.000014
1071 0.000004 0.000014
1072 0.000003 0.000012
1073 0.000003 0.000010
1074 0.000003 0.000050
1075 0.000003 0.000011
1076 0.000006 0.000014
1077 0.000005 0.000013
1078 0.000005 0.000011
1079 0.000005 0.000010
1080 0.000003 0.000007
1081 0.000004 0.000010
1082 0.000002 0.000007
1083 0.000002 0.000011
1084 0.000007 0.000015
1085 0.000005 0.000016
1086 0.000004 0.000035
1087 0.000003 0.000015
1088 0.000005 0.000012
1089 0.000002 0.000013
1090 0.000004 0.000012
1091 0.000056 0.000011
1092 0.000003 0.000010
1093 0.000007 0.000010
1094 0.000002 0.000007
1095 0.000003 0.000013
1096 0.000005 0.000014
1097 0.000002 0.000011
1098 0.000003 0.000013
1099 0.000004 0.000014
1100 0.000008 0.000012
1101 0.000003 0.000022
1102 0.000002 0.000008
1103 0.000003 0.000009
1104 0.000004 0.000011
1105 0.000004 0.000016
1106 0.000004 0.000064
1107 0.000003 0.000013
1108 0.000003 0.000007
1109 0.000002 0.000018
1110 0.000004 0.000010
1111 0.000003 0.000009
1112 0.000006 0.000015
1113 0.000004 0.000012
1114 0.000004 0.000016
1115 0.000005 0.000015
1116 0.000041 0.000009
1117 0.000004 0.000013
1118 0.000004 0.000015
1119 0.000006 0.000011
1120 0.000006 0.000016
1121 0.000004 0.000012
1122 0.000004 0.000009
1123 0.000005 0.000015
1124 0.000007 0.000019
1125 0.000005 0.000014
1126 0.000005 0.000017
1127 0.000006 0.000016
1128 0.000005 0.000011
1129 0.000003 0.000012
1130 0.000004 0.000013
1131 0.000004 0.000014
1132 0.000004 0.000013
1133 0.000005 0.000009
1134 0.000005 0.000011
1135 0.000004 0.000013
1136 0.000006 0.000012
1137 0.000004 0.000013
1138 0.000005 0.000012
1139 0.000005 0.000013
1140 0.000004 0.000013
1141 0.000005 0.000015
1142 0.000004 0.000012
1143 0.000004 0.000018
1144 0.000004 0.000009
1145 0.000006 0.000013
1146 0.000005 0.000014
1147 0.000005 0.000011
1148 0.000002 0.000011
1149 0.000005 0.000008
1150 0.000005 0.000017
1151 0.000004 0.000013
1152 0.000003 0.000014
1153 0.000005 0.000014
1154 0.000004 0.000010
1155 0.000004 0.000010
1156 0.000006 0.000018
1157 0.000007 0.000014
1158 0.000004 0.000011
1159 0.000009 0.000014
1160 0.000006 0.000009
1161 0.000003 0.000029
1162 0.000007 0.000020
1163 0.000009 0.000013
1164 0.000008 0.000017
1165 0.000006 0.000015
1166 0.000007 0.000013
1167 0.000003 0.000015
1168 0.000008 0.000048
1169 0.000007 0.000015
1170 0.000004 0.000008
1171 0.000004 0.000013
1172 0.000004 0.000013
1173 0.000007 0.000020
1174 0.000010 0.000018
1175 0.000006 0.000012
1176 0.000004 0.000012
1177 0.000004 0.000010
1178 0.000003 0.000012
1179 0.000004 0.000008
1180 0.000004 0.000016
1181 0.000004 0.000010
1182 0.000005 0.000016
1183 0.000005 0.000013
1184 0.000004 0.000010
1185 0.000003 0.000015
1186 0.000006 0.000018
1187 0.000005 0.000013
1188 0.000006 0.000014
1189 0.000004 0.000011
1190 0.000003 0.000015
1191 0.000003 0.000008
1192 0.000013 0.000014
1193 0.000007 0.000013
1194 0.000005 0.000014
1195 0.000027 0.000017
1196 0.000003 0.000009
1197 0.000004 0.000016
1198 0.000007 0.000012
1199 0.000009 0.000015
