1000 0.000062 0.000147
1001 0.000055 0.000098
1002 0.000056 0.000095
1003 0.000068 0.000098
1004 0.000050 0.000099
1005 0.000065 0.000073
1006 0.000056 0.000128
1007 0.000059 0.000081
1008 0.000109 0.000144
1009 0.000097 0.000090
1010 0.000092 0.000315
1011 0.000063 0.000171
1012 0.000059 0.000089
1013 0.000049 0.000107
1014 0.000048 0.000070
1015 0.000048 0.000078
1016 0.000060 0.000100
1017 0.000062 0.000102
1018 0.000048 0.000173
1019 0.000053 0.000093
1020 0.000047 0.000075
1021 0.000061 0.000076
1022 0.000056 0.000073
1023 0.000060 0.000155
1024 0.000074 0.000266
1025 0.000055 0.000068
1026 0.000058 0.000082
1027 0.000047 0.000273
1028 0.000064 0.000057
1029 0.000129 0.000071
1030 0.000086 0.000102
1031 0.000139 0.000161
1032 0.000070 0.000138
1033 0.000057 0.000080
1034 0.000068 0.000080
1035 0.000060 0.000095
1036 0.000062 0.000092
1037 0.000056 0.000073
1038 0.000046 0.000196
1039 0.000054 0.000192
1040 0.000059 0.000118
1041 0.000093 0.000083
1042 0.000042 0.000122
1043 0.000064 0.000104
1044 0.000062 0.000069
1045 0.000109 0.000098
1046 0.000054 0.000070
1047 0.000042 0.000103
1048 0.000060 0.000108
1049 0.000068 0.000125
1050 0.000110 0.000118
1051 0.000067 0.000273
1052 0.000420 0.000081
1053 0.000054 0.000128
1054 0.000048 0.000123
1055 0.000056 0.000081
1056 0.000058 0.000118
1057 0.000056 0.000289
1058 0.000058 0.000193
1059 0.000054 0.000121
1060 0.000097 0.000092
1061 0.000197 0.000108
1062 0.000057 0.000085
1063 0.000057 0.000105
1064 0.000091 0.000108
1065 0.000060 0.000120
1066 0.000045 0.000125
1067 0.000085 0.000149
1068 0.000078 0.000098
1069 0.000074 0.000110
1070 0.000188 0.000074
1071 0.000063 0.000068
1072 0.000058 0.000080
1073 0.000053 0.000081
1074 0.000070 0.000084
1075 0.000050 0.000197
1076 0.000062 0.000106
1077 0.000055 0.000132
1078 0.000049 0.000181
1079 0.000071 0.000112
1080 0.000068 0.000229
1081 0.000110 0.000138
1082 0.000202 0.000145
1083 0.000127 0.000109
1084 0.000201 0.000219
1085 0.000067 0.000106
1086 0.000085 0.000102
1087 0.000055 0.000101
1088 0.000075 0.000146
1089 0.000076 0.000161
1090 0.000064 0.000174
1091 0.000088 0.000092
1092 0.000071 0.000100
1093 0.000143 0.000110
1094 0.000069 0.000106
1095 0.000066 0.000127
1096 0.000067 0.000077
1097 0.000052 0.000125
1098 0.000052 0.000122
1099 0.000096 0.000116
1100 0.000069 0.000099
1101 0.000067 0.000176
1102 0.000074 0.000189
1103 0.000054 0.000117
1104 0.000063 0.000124
1105 0.000062 0.000229
1106 0.000063 0.000224
1107 0.000053 0.000099
1108 0.000059 0.000108
1109 0.000060 0.000150
1110 0.000070 0.000330
1111 0.000062 0.000129
1112 0.000153 0.000145
1113 0.000067 0.000111
1114 0.000138 0.000120
1115 0.000066 0.000168
1116 0.000064 0.000121
1117 0.000069 0.000126
1118 0.000063 0.000125
1119 0.000063 0.000075
1120 0.000057 0.000184
1121 0.000066 0.000134
1122 0.000276 0.000114
1123 0.000068 0.000169
1124 0.000064 0.000068
1125 0.000047 0.000143
1126 0.000118 0.000106
1127 0.000071 0.000135
1128 0.000063 0.000414
1129 0.000053 0.000106
1130 0.000113 0.000234
1131 0.000084 0.000131
1132 0.000064 0.000132
1133 0.000057 0.000134
1134 0.000082 0.000116
1135 0.000059 0.000115
1136 0.000060 0.000116
1137 0.000075 0.000198
1138 0.000069 0.000121
1139 0.000068 0.000126
1140 0.000069 0.000142
1141 0.000068 0.000096
1142 0.000064 0.000142
1143 0.000063 0.000204
1144 0.000069 0.000133
1145 0.000056 0.000099
1146 0.000050 0.000098
1147 0.000053 0.000116
1148 0.000095 0.000091
1149 0.000059 0.000099
1150 0.000047 0.000154
1151 0.000065 0.000189
1152 0.000056 0.000102
1153 0.000058 0.000125
1154 0.000029 0.000093
1155 0.000074 0.000114
1156 0.000090 0.000199
1157 0.000066 0.000134
1158 0.000065 0.000184
1159 0.000081 0.000155
1160 0.000195 0.000119
1161 0.000078 0.000131
1162 0.000077 0.000120
1163 0.000097 0.000145
1164 0.000082 0.000139
1165 0.000058 0.000117
1166 0.000063 0.000155
1167 0.000076 0.000132
1168 0.000071 0.000162
1169 0.000072 0.000125
1170 0.000063 0.000205
1171 0.000057 0.000159
1172 0.000095 0.000135
1173 0.000075 0.000167
1174 0.000064 0.000127
1175 0.000064 0.000115
1176 0.000051 0.000106
1177 0.000057 0.000241
1178 0.000069 0.000084
1179 0.000080 0.000127
1180 0.000082 0.000085
1181 0.000064 0.000134
1182 0.000071 0.000138
1183 0.000072 0.000163
1184 0.000076 0.000155
1185 0.000086 0.000102
1186 0.000065 0.000120
1187 0.000069 0.000097
1188 0.000062 0.000114
1189 0.000117 0.000139
1190 0.000064 0.000095
1191 0.000076 0.000123
1192 0.000065 0.000101
1193 0.000076 0.000132
1194 0.000050 0.000153
1195 0.000115 0.000211
1196 0.000072 0.000070
1197 0.000069 0.000089
1198 0.000131 0.000111
1199 0.000070 0.000143
