1000 1.039969 0.002223
1005 1.023865 0.002224
1010 1.064981 0.001978
1015 0.949989 0.002359
1020 0.930159 0.002500
1025 0.971112 0.002304
1030 0.930464 0.002536
1035 0.931772 0.002616
1040 0.935545 0.001943
1045 0.914428 0.002162
1050 0.953141 0.002392
1055 0.905515 0.002673
1060 0.911454 0.002190
1065 0.898689 0.002442
1070 0.897312 0.002085
1075 0.944023 0.002410
1080 0.902276 0.002164
1085 0.913347 0.001864
1090 0.930182 0.002242
1095 0.949173 0.002313
1100 0.926904 0.002766
1105 1.053996 0.001814
1110 0.932916 0.002470
1115 1.122146 0.002622
1120 0.905708 0.002383
1125 0.950728 0.002423
1130 0.896307 0.002706
1135 0.910794 0.002234
1140 0.902747 0.002327
1145 0.879096 0.002146
1150 0.928127 0.002220
1155 0.904977 0.002083
1160 0.962048 0.002618
1165 0.975897 0.002194
1170 1.098804 0.002746
1175 0.993311 0.002391
1180 0.963771 0.002741
1185 0.916378 0.002721
1190 0.921710 0.002120
1195 1.085632 0.003148
1200 1.094003 0.002615
1205 1.112181 0.003088
1210 0.983737 0.002594
1215 1.117665 0.002583
1220 1.084177 0.002728
1225 0.979923 0.002360
1230 0.988306 0.002516
1235 1.165730 0.002567
1240 1.079352 0.002690
1245 1.102696 0.002297
1250 0.980086 0.002579
1255 0.987134 0.002553
1260 0.974728 0.002510
1265 0.902133 0.002644
1270 0.903408 0.002193
1275 0.923191 0.002076
1280 0.971572 0.002361
1285 0.962670 0.002414
1290 0.923874 0.002700
1295 0.983873 0.002461
1300 1.038448 0.002463
1305 1.078323 0.002620
1310 1.092324 0.002816
1315 1.159763 0.003494
1320 1.025530 0.002864
1325 0.989631 0.002227
1330 1.070789 0.002464
1335 1.087253 0.002954
1340 1.030977 0.002669
1345 1.046196 0.002435
1350 1.048652 0.004549
1355 1.026943 0.002357
1360 1.063238 0.002425
1365 0.997913 0.002275
1370 0.998669 0.002647
1375 1.091570 0.002893
1380 1.087985 0.002471
1385 0.961378 0.002138
1390 0.979795 0.002594
1395 0.945523 0.002554
1400 0.981258 0.002424
1405 0.929380 0.002016
1410 0.949378 0.003164
1415 0.989051 0.002596
1420 1.103320 0.003111
1425 1.129026 0.003274
1430 1.075903 0.002558
1435 0.936354 0.002386
1440 1.027524 0.002423
1445 0.999842 0.002338
1450 1.009912 0.002476
1455 1.015491 0.003073
1460 1.170769 0.004398
1465 1.096868 0.002324
1470 1.024492 0.002552
1475 0.932138 0.002166
1480 0.934214 0.002078
1485 0.974151 0.002483
1490 0.928584 0.002458
1495 1.000003 0.001524
1500 1.009535 0.002090
1505 0.997433 0.002393
1510 0.940009 0.002532
1515 0.976982 0.002409
1520 0.966790 0.002313
1525 1.010501 0.002351
1530 1.097021 0.002870
1535 0.995521 0.002330
1540 1.205390 0.002953
1545 1.124253 0.002966
1550 0.961920 0.002678
1555 0.941322 0.002175
1560 0.899151 0.002114
1565 0.898203 0.002590
1570 0.912654 0.003122
1575 1.062485 0.002451
1580 1.123620 0.004753
1585 1.101148 0.003921
1590 0.964331 0.002417
1595 0.930042 0.002552
1600 0.910441 0.002776
1605 0.943663 0.002023
1610 0.947970 0.001832
1615 1.066203 0.003103
1620 1.097961 0.002392
1625 1.146458 0.003007
1630 1.063470 0.002438
1635 1.082487 0.002809
1640 1.056461 0.002555
1645 0.966829 0.003832
1650 0.945426 0.002168
1655 0.965541 0.002348
1660 1.020464 0.002237
1665 0.938738 0.002329
1670 0.932668 0.001975
1675 0.997978 0.002636
1680 0.957707 0.002748
1685 0.991578 0.004511
1690 1.032821 0.002626
1695 1.097544 0.002542
1700 1.098280 0.002927
1705 1.077321 0.003079
1710 0.999284 0.003081
1715 1.056377 0.002656
1720 1.079565 0.003369
1725 1.029027 0.002692
1730 0.990509 0.002675
1735 1.008506 0.002462
1740 0.963535 0.002413
1745 0.951909 0.002674
1750 0.982526 0.002339
1755 0.933824 0.002145
1760 0.928757 0.002254
1765 0.917313 0.002367
1770 1.049783 0.002548
1775 0.948827 0.002326
1780 0.974409 0.002254
1785 0.985150 0.002384
1790 0.947745 0.002223
1795 0.953769 0.002369
1800 0.965768 0.001805
1805 0.942527 0.002194
1810 0.942971 0.002755
1815 0.970847 0.002138
1820 0.958865 0.002459
1825 0.931755 0.002596
1830 0.928563 0.002482
1835 0.927325 0.005045
1840 0.937503 0.002461
1845 0.957444 0.002508
1850 0.966848 0.002177
1855 0.984934 0.002233
1860 0.975449 0.002220
1865 0.927028 0.002127
1870 0.937479 0.002470
1875 0.932032 0.002461
1880 1.009696 0.002592
1885 0.959192 0.002923
1890 0.958054 0.002460
1895 1.084927 0.002704
1900 0.935235 0.001929
1905 0.949072 0.002190
1910 0.952677 0.002500
1915 0.944001 0.002505
1920 0.982685 0.002259
1925 0.931587 0.002462
1930 0.935907 0.002505
1935 0.918457 0.002056
1940 0.936037 0.002152
1945 0.918814 0.002279
1950 0.913553 0.002173
1955 0.979841 0.002600
1960 0.925704 0.002571
1965 1.013296 0.002507
1970 1.197296 0.002997
1975 1.038258 0.002677
1980 0.978926 0.002063
1985 0.962263 0.002439
1990 0.916871 0.002219
1995 0.996165 0.002998
