1000 0.000036 0.000005
1001 0.000029 0.000006
1002 0.000037 0.000007
1003 0.000042 0.000007
1004 0.000041 0.000020
1005 0.000039 0.000006
1006 0.000071 0.000006
1007 0.000038 0.000006
1008 0.000042 0.000010
1009 0.000168 0.000007
1010 0.000041 0.000009
1011 0.000037 0.000007
1012 0.000039 0.000010
1013 0.000062 0.000009
1014 0.000042 0.000007
1015 0.000043 0.000008
1016 0.000049 0.000009
1017 0.000044 0.000007
1018 0.000046 0.000015
1019 0.000047 0.000016
1020 0.000040 0.000006
1021 0.000049 0.000008
1022 0.000038 0.000004
1023 0.000036 0.000006
1024 0.000044 0.000010
1025 0.000030 0.000009
1026 0.000054 0.000012
1027 0.000041 0.000006
1028 0.000036 0.000006
1029 0.000049 0.000055
1030 0.000031 0.000006
1031 0.000035 0.000020
1032 0.000065 0.000008
1033 0.000045 0.000017
1034 0.000042 0.000011
1035 0.000041 0.000009
1036 0.000035 0.000005
1037 0.000034 0.000005
1038 0.000035 0.000009
1039 0.000045 0.000008
1040 0.000036 0.000007
1041 0.000044 0.000006
1042 0.000044 0.000009
1043 0.000036 0.000017
1044 0.000036 0.000006
1045 0.000037 0.000010
1046 0.000070 0.000008
1047 0.000039 0.000010
1048 0.000044 0.000013
1049 0.000036 0.000014
1050 0.000036 0.000009
1051 0.000045 0.000007
1052 0.000068 0.000005
1053 0.000040 0.000019
1054 0.000043 0.000019
1055 0.000039 0.000009
1056 0.000045 0.000013
1057 0.000040 0.000010
1058 0.000035 0.000008
1059 0.000036 0.000010
1060 0.000047 0.000009
1061 0.000048 0.000015
1062 0.000045 0.000007
1063 0.000037 0.000007
1064 0.000039 0.000005
1065 0.000037 0.000007
1066 0.000038 0.000005
1067 0.000071 0.000024
1068 0.000048 0.000007
1069 0.000048 0.000085
1070 0.000045 0.000009
1071 0.000037 0.000004
1072 0.000035 0.000006
1073 0.000068 0.000017
1074 0.000055 0.000006
1075 0.000049 0.000011
1076 0.000044 0.000011
1077 0.000037 0.000013
1078 0.000042 0.000010
1079 0.000050 0.000006
1080 0.000038 0.000006
1081 0.000039 0.000010
1082 0.000049 0.000007
1083 0.000038 0.000009
1084 0.000070 0.000007
1085 0.000042 0.000008
1086 0.000065 0.000015
1087 0.000037 0.000005
1088 0.000055 0.000018
1089 0.000041 0.000009
1090 0.000047 0.000007
1091 0.000044 0.000008
1092 0.000046 0.000011
1093 0.000035 0.000005
1094 0.000036 0.000006
1095 0.000043 0.000008
1096 0.000042 0.000007
1097 0.000042 0.000007
1098 0.000042 0.000013
1099 0.000032 0.000007
