1000 0.000045 0.000004
1001 0.000040 0.000003
1002 0.000051 0.000004
1003 0.000041 0.000005
1004 0.000062 0.000008
1005 0.000054 0.000004
1006 0.000048 0.000005
1007 0.000081 0.000006
1008 0.000056 0.000005
1009 0.000085 0.000006
1010 0.000073 0.000005
1011 0.000059 0.000005
1012 0.000064 0.000006
1013 0.000061 0.000006
1014 0.000219 0.000006
1015 0.000076 0.000007
1016 0.000090 0.000005
1017 0.000111 0.000051
1018 0.000183 0.000007
1019 0.000077 0.000007
1020 0.000093 0.000005
1021 0.000045 0.000005
1022 0.000055 0.000005
1023 0.000061 0.000006
1024 0.000093 0.000016
1025 0.000066 0.000007
1026 0.000095 0.000003
1027 0.000068 0.000006
1028 0.000052 0.000050
1029 0.000075 0.000007
1030 0.000062 0.000007
1031 0.000046 0.000007
1032 0.000056 0.000006
1033 0.000066 0.000005
1034 0.000063 0.000006
1035 0.000048 0.000005
1036 0.000051 0.000007
1037 0.000073 0.000007
1038 0.000105 0.000006
1039 0.000063 0.000005
1040 0.000047 0.000005
1041 0.000051 0.000004
1042 0.000087 0.000017
1043 0.000062 0.000006
1044 0.000093 0.000010
1045 0.000052 0.000007
1046 0.000089 0.000006
1047 0.000067 0.000006
1048 0.000057 0.000004
1049 0.000062 0.000013
1050 0.000075 0.000004
1051 0.000141 0.000006
1052 0.000074 0.000066
1053 0.000063 0.000006
1054 0.000064 0.000005
1055 0.000077 0.000009
1056 0.000075 0.000005
1057 0.000137 0.000010
1058 0.000070 0.000006
1059 0.000134 0.000006
1060 0.000066 0.000005
1061 0.000077 0.000005
1062 0.000104 0.000004
1063 0.000071 0.000007
1064 0.000053 0.000008
1065 0.000068 0.000015
1066 0.000063 0.000011
1067 0.000065 0.000004
1068 0.000140 0.000008
1069 0.000068 0.000005
1070 0.000118 0.000005
1071 0.000078 0.000008
1072 0.000091 0.000005
1073 0.000064 0.000007
1074 0.000070 0.000006
1075 0.000065 0.000011
1076 0.000052 0.000004
1077 0.000070 0.000015
1078 0.000069 0.000005
1079 0.000064 0.000004
1080 0.000190 0.000006
1081 0.000065 0.000011
1082 0.000081 0.000006
1083 0.000111 0.000006
1084 0.000068 0.000005
1085 0.000071 0.000006
1086 0.000081 0.000008
1087 0.000073 0.000018
1088 0.000069 0.000006
1089 0.000077 0.000006
1090 0.000071 0.000007
1091 0.000240 0.000006
1092 0.000056 0.000004
1093 0.000069 0.000005
1094 0.000081 0.000005
1095 0.000056 0.000005
1096 0.000062 0.000004
1097 0.000066 0.000009
1098 0.000092 0.000005
1099 0.000074 0.000009
